# step, loss_train, loss_test, metrics_test
0.000000000000000000e+00 6.562627553939819336e-01 1.462436199188232422e+00 2.040615558624267578e+00 1.153915598988533020e-01 4.260121583938598633e-01 1.810356378555297852e+00 1.151612758636474609e+00
1.000000000000000000e+03 2.425394207239151001e-01 1.085603162646293640e-01 2.044550925493240356e-01 8.062775433063507080e-02 2.121292427182197571e-02 4.340095818042755127e-02 3.331051021814346313e-02
2.000000000000000000e+03 2.504144906997680664e-01 9.643431752920150757e-02 1.504915356636047363e-01 8.644516766071319580e-02 3.019537031650543213e-02 3.417961299419403076e-02 3.299422934651374817e-02
3.000000000000000000e+03 2.386399507522583008e-01 8.170405030250549316e-02 1.700813770294189453e-01 7.047455757856369019e-02 2.191912755370140076e-02 4.766671359539031982e-02 3.582244738936424255e-02
4.000000000000000000e+03 2.477677166461944580e-01 1.049364283680915833e-01 1.461400538682937622e-01 6.937230378389358521e-02 3.033088147640228271e-02 3.339885175228118896e-02 3.236620873212814331e-02
5.000000000000000000e+03 2.242362201213836670e-01 1.008575856685638428e-01 1.425716280937194824e-01 6.264682114124298096e-02 3.067092038691043854e-02 3.538455441594123840e-02 3.353154286742210388e-02
6.000000000000000000e+03 2.168206870555877686e-01 9.405340999364852905e-02 1.586308032274246216e-01 5.173796415328979492e-02 1.964906044304370880e-02 3.940785303711891174e-02 3.020260483026504517e-02
7.000000000000000000e+03 2.179601043462753296e-01 9.484371542930603027e-02 1.605433523654937744e-01 5.226830020546913147e-02 1.828399300575256348e-02 3.345501050353050232e-02 2.645296230912208557e-02
8.000000000000000000e+03 2.541566789150238037e-01 9.868440777063369751e-02 1.442279517650604248e-01 5.467922985553741455e-02 2.077823504805564880e-02 2.163808979094028473e-02 2.157946862280368805e-02
9.000000000000000000e+03 2.193487286567687988e-01 9.946500509977340698e-02 1.509277522563934326e-01 4.630220681428909302e-02 2.137530781328678131e-02 3.175383806228637695e-02 2.698612399399280548e-02
1.000000000000000000e+04 2.333205491304397583e-01 9.427578747272491455e-02 1.516127437353134155e-01 5.208611115813255310e-02 1.773617044091224670e-02 2.340113930404186249e-02 2.107592299580574036e-02
1.100000000000000000e+04 2.349435240030288696e-01 9.311284869909286499e-02 1.314184665679931641e-01 5.393021926283836365e-02 2.062401734292507172e-02 2.111472934484481812e-02 2.132618799805641174e-02
1.200000000000000000e+04 2.216406613588333130e-01 9.228964149951934814e-02 1.392222791910171509e-01 5.139629170298576355e-02 1.896166987717151642e-02 2.410179190337657928e-02 2.198201790452003479e-02
1.300000000000000000e+04 2.083480060100555420e-01 1.095668599009513855e-01 1.483873724937438965e-01 5.057334899902343750e-02 2.268921770155429840e-02 2.441215701401233673e-02 2.382880263030529022e-02
1.400000000000000000e+04 2.413061261177062988e-01 9.761521965265274048e-02 1.388938128948211670e-01 4.836103692650794983e-02 1.557306386530399323e-02 1.897145248949527740e-02 1.762478798627853394e-02
1.500000000000000000e+04 2.298368960618972778e-01 8.979435265064239502e-02 1.490847915410995483e-01 4.602680355310440063e-02 1.313247997313737869e-02 2.727967686951160431e-02 2.079653553664684296e-02
1.600000000000000000e+04 2.409679293632507324e-01 9.594102948904037476e-02 1.278752982616424561e-01 5.301263183355331421e-02 1.936342939734458923e-02 1.755582354962825775e-02 1.876942440867424011e-02
1.700000000000000000e+04 2.281630188226699829e-01 1.008529588580131531e-01 1.527113914489746094e-01 4.086262732744216919e-02 1.472374983131885529e-02 2.937888912856578827e-02 2.253122255206108093e-02
1.800000000000000000e+04 2.167309373617172241e-01 1.026039272546768188e-01 1.466983407735824585e-01 4.434515535831451416e-02 1.804118417203426361e-02 2.789950557053089142e-02 2.335530333220958710e-02
1.900000000000000000e+04 2.422956228256225586e-01 1.081431061029434204e-01 1.439605057239532471e-01 4.822960868477821350e-02 2.374861389398574829e-02 2.761326730251312256e-02 2.606114931404590607e-02
2.000000000000000000e+04 2.257537692785263062e-01 9.031252562999725342e-02 1.469093263149261475e-01 4.600619152188301086e-02 1.643233746290206909e-02 2.860306017100811005e-02 2.299714088439941406e-02
2.100000000000000000e+04 2.179876565933227539e-01 9.830049425363540649e-02 1.500513404607772827e-01 4.437981545925140381e-02 1.827839575707912445e-02 2.902746014297008514e-02 2.407150529325008392e-02
2.200000000000000000e+04 2.290341258049011230e-01 9.503558278083801270e-02 1.543943136930465698e-01 4.744843766093254089e-02 1.426595170050859451e-02 2.129806950688362122e-02 1.814263314008712769e-02
2.300000000000000000e+04 2.198808640241622925e-01 9.652706980705261230e-02 1.690702885389328003e-01 4.886155948042869568e-02 1.549283508211374283e-02 3.202945366501808167e-02 2.433109283447265625e-02
2.400000000000000000e+04 2.160981446504592896e-01 8.843600749969482422e-02 1.711110621690750122e-01 4.224728047847747803e-02 1.406948734074831009e-02 3.350353613495826721e-02 2.438713796436786652e-02
2.500000000000000000e+04 2.249777317047119141e-01 1.068150103092193604e-01 1.343513429164886475e-01 5.101807042956352234e-02 2.399768866598606110e-02 2.062484063208103180e-02 2.257281169295310974e-02
2.600000000000000000e+04 2.245939970016479492e-01 9.883515536785125732e-02 1.487341225147247314e-01 4.749073460698127747e-02 1.800542883574962616e-02 2.130572125315666199e-02 2.000557631254196167e-02
2.700000000000000000e+04 2.246556133031845093e-01 9.857282787561416626e-02 1.450842618942260742e-01 4.402131587266921997e-02 1.243081688880920410e-02 1.997507363557815552e-02 1.658619381487369537e-02
2.800000000000000000e+04 2.148706763982772827e-01 9.245412796735763550e-02 1.515191048383712769e-01 4.238945618271827698e-02 1.394083816558122635e-02 3.072852268815040588e-02 2.288725599646568298e-02
2.900000000000000000e+04 2.289674729108810425e-01 9.524422883987426758e-02 1.561293154954910278e-01 4.605827853083610535e-02 1.520061586052179337e-02 2.417321875691413879e-02 2.011244744062423706e-02
3.000000000000000000e+04 2.321550697088241577e-01 9.690055251121520996e-02 1.464109569787979126e-01 4.714185371994972229e-02 1.679480820894241333e-02 2.432634495198726654e-02 2.099829725921154022e-02
3.100000000000000000e+04 2.221583127975463867e-01 8.885466307401657104e-02 1.437184214591979980e-01 4.517606273293495178e-02 1.440433412790298462e-02 2.586849406361579895e-02 2.059751190245151520e-02
3.200000000000000000e+04 2.401055842638015747e-01 1.082709506154060364e-01 1.336864382028579712e-01 5.160463973879814148e-02 2.608386613428592682e-02 1.974758878350257874e-02 2.312847040593624115e-02
3.300000000000000000e+04 2.084651738405227661e-01 1.046796515583992004e-01 1.490248739719390869e-01 4.605817794799804688e-02 1.984793506562709808e-02 2.872514352202415466e-02 2.465713024139404297e-02
3.400000000000000000e+04 2.140679359436035156e-01 1.003520935773849487e-01 1.540683507919311523e-01 4.709248244762420654e-02 2.259004488587379456e-02 2.589873597025871277e-02 2.454641275107860565e-02
3.500000000000000000e+04 2.310226559638977051e-01 1.098873093724250793e-01 1.355081945657730103e-01 4.816139116883277893e-02 2.884437516331672668e-02 2.327322773635387421e-02 2.622558549046516418e-02
3.600000000000000000e+04 2.177303880453109741e-01 1.043191850185394287e-01 1.449113637208938599e-01 4.908094182610511780e-02 2.117440849542617798e-02 2.129998058080673218e-02 2.153199352324008942e-02
3.700000000000000000e+04 2.147764563560485840e-01 1.019350290298461914e-01 1.460921913385391235e-01 4.496476426720619202e-02 2.217828668653964996e-02 2.584915980696678162e-02 2.424720115959644318e-02
3.800000000000000000e+04 2.220259755849838257e-01 9.264019876718521118e-02 1.563931554555892944e-01 4.365961998701095581e-02 1.272756233811378479e-02 2.678049169480800629e-02 2.025164850056171417e-02
3.900000000000000000e+04 2.110357284545898438e-01 8.979517966508865356e-02 1.563751101493835449e-01 4.398815706372261047e-02 1.551250275224447250e-02 3.707754611968994141e-02 2.697150036692619324e-02
4.000000000000000000e+04 2.140540182590484619e-01 1.014520004391670227e-01 1.562116742134094238e-01 4.731209203600883484e-02 2.499186620116233826e-02 2.864057198166847229e-02 2.712165936827659607e-02
4.100000000000000000e+04 2.170606702566146851e-01 1.067506521940231323e-01 1.367955356836318970e-01 4.968869686126708984e-02 2.422822453081607819e-02 2.179507166147232056e-02 2.320667728781700134e-02
4.200000000000000000e+04 2.205689400434494019e-01 9.967462718486785889e-02 1.436274200677871704e-01 4.815405607223510742e-02 1.917743869125843048e-02 2.138838917016983032e-02 2.052591368556022644e-02
4.300000000000000000e+04 2.264438420534133911e-01 1.006505712866783142e-01 1.423287093639373779e-01 4.485224932432174683e-02 2.132114209234714508e-02 2.405351214110851288e-02 2.291051670908927917e-02
4.400000000000000000e+04 2.184904664754867554e-01 9.669622033834457397e-02 1.309610903263092041e-01 3.837953507900238037e-02 1.779399067163467407e-02 2.323478274047374725e-02 2.074142359197139740e-02
4.500000000000000000e+04 2.171858102083206177e-01 9.165954589843750000e-02 1.586306691169738770e-01 4.172748699784278870e-02 1.530909724533557892e-02 2.672564797103404999e-02 2.146411687135696411e-02
4.600000000000000000e+04 2.111295759677886963e-01 1.032589375972747803e-01 1.387112140655517578e-01 4.496489837765693665e-02 2.155686169862747192e-02 2.494609914720058441e-02 2.355394512414932251e-02
4.700000000000000000e+04 2.235711365938186646e-01 1.003896743059158325e-01 1.456083059310913086e-01 4.361493885517120361e-02 2.293931879103183746e-02 2.292003296315670013e-02 2.316790446639060974e-02
4.800000000000000000e+04 1.946788281202316284e-01 1.000566035509109497e-01 1.769123673439025879e-01 5.192946642637252808e-02 2.191691845655441284e-02 4.474555328488349915e-02 3.404234722256660461e-02
4.900000000000000000e+04 2.305400222539901733e-01 9.677119553089141846e-02 1.418455988168716431e-01 4.855000972747802734e-02 2.005095034837722778e-02 2.349209599196910858e-02 2.215389721095561981e-02
5.000000000000000000e+04 2.255214601755142212e-01 9.012604504823684692e-02 1.405126154422760010e-01 4.762829840183258057e-02 1.857939921319484711e-02 2.182048745453357697e-02 2.055725641548633575e-02
